         5
        13
        31
        33
        34
        37
        43
        45
        57
        62
        69
        79
        81
        83
        86
        87
       106
       109
       126
       132
       146
       160
       179
       180
       188
       189
       190
       196
       202
       203
       219
       222
       239
       241
       246
       252
       255
       256
       257
       261
       266
       276
       292
       305
       311
       319
       321
       322
       330
       331
       332
       337
       350
       353
       354
       361
       363
       364
       368
       369
       373
       379
       381
       383
       385
       388
       398
