         4
        18
        24
        25
        27
        31
        32
        34
        38
        44
        46
        49
        63
        68
        82
        83
        89
        94
        97
        98
       103
       115
       118
       131
       142
       151
       152
       159
       170
       184
       185
       187
       195
       204
       224
       230
       243
       246
       249
       252
       253
       254
       265
       267
       268
       276
       278
       279
       280
       284
       286
       302
       311
       316
       320
       321
       324
       330
       338
       340
       346
       348
       357
       359
       361
       364
       373
       391
       395
       397
       403
       404
       405
       409
       416
       430
       434
