         3
        12
        35
        45
        51
        57
        62
        65
        67
        75
        78
        89
        96
       110
       113
       114
       128
       134
       155
       160
       175
       180
       181
       184
       190
       204
       225
       230
       236
       245
       251
       252
       259
       262
       287
       308
       315
       323
       327
       329
       330
       360
       365
       374
       377
       379
       381
       386
       387
       414
       419
