         9
        11
        18
        39
        42
        56
        57
        66
        67
        70
        74
        83
        84
       100
       120
       124
       128
       132
       140
       142
       148
       160
       162
       165
       166
       178
       189
       203
       204
       206
       222
       224
       226
       231
       246
       248
       300
       303
       318
       320
       325
       326
       327
       329
       347
       359
       360
       361
       377
       381
       392
       398
       403
