        27
        30
        32
        42
        44
        46
        53
        55
        66
        73
        79
        83
        84
        89
        99
       106
       108
       109
       115
       121
       128
       132
       138
       153
       154
       160
       175
       184
       193
       194
       200
       208
       211
       259
       265
       266
       275
       287
       291
       296
       298
       314
       315
       316
       330
       335
