        10
        15
        17
        28
        30
        38
        41
        42
        43
        57
        71
        79
        88
        91
        92
       100
       108
       109
       114
       117
       156
       157
       159
       167
       177
       181
       190
       197
       203
       204
       209
       210
       212
       219
       246
       252
       253
       258
       291
       296
       298
       299
       305
       335
       347
       362
       364
       367
       368
       382
