        14
        24
        42
        43
        59
        80
        81
        97
        99
       108
       122
       125
       136
       138
       143
       154
       158
       162
       166
       168
       177
       182
       184
       188
       189
       195
       203
       222
       251
       254
       257
       270
       277
       279
       295
       312
       335
       336
       350
       376
       377
       396
       397
       403
       404
       413
       414
       417
       418
       419
       420
       441
