         3
         5
         6
        36
        42
        55
        56
        61
        62
        68
        86
        88
        90
       105
       112
       114
       136
       153
       155
       156
       172
       181
       182
       188
       208
       211
       224
       227
       234
       238
       251
       252
       291
       292
       303
       313
       316
       318
       327
       360
       362
       364
       370
       379
       382
       383
       386
       400
