         8
        17
        19
        20
        44
        45
        47
        65
        66
        67
        70
        85
        92
        95
       102
       107
       112
       114
       122
       124
       137
       140
       141
       143
       144
       150
       176
       183
       188
       197
       203
       204
       211
       212
       220
       228
       231
       237
       246
       247
       251
       252
       258
       265
       273
       274
       277
       300
       302
       310
       316
       320
       329
       331
       336
       337
       356
       357
       361
       362
       372
       375
       378
       381
       389
       394
       403
       409
       412
       413
