         1
         3
         5
         8
        10
        15
        16
        29
        41
        56
        57
        58
        68
        75
        77
        80
        83
        86
        90
        99
       100
       104
       111
       114
       120
       130
       137
       138
       141
       145
       151
       181
       182
       185
       194
       195
       199
       201
       216
       222
       226
       227
       238
       239
       245
       251
       252
       258
       267
       268
       269
       270
       282
       288
       289
       304
       316
       323
       325
       335
       341
       342
       343
       344
       349
       353
       354
       367
       369
       371
       382
       384
       402
       404
       415
       423
       424
