         4
         8
        13
        21
        29
        30
        34
        49
        53
        68
        77
        80
        84
        89
        90
        94
        95
        98
        99
       103
       113
       118
       119
       121
       128
       129
       135
       140
       143
       151
       161
       182
       187
       188
       189
       196
       209
       221
       223
       232
       246
       254
       266
       289
       295
       296
       299
       306
       310
       355
       356
       361
