         8
        14
        20
        21
        25
        37
        38
        39
        41
        49
        56
        57
        65
        80
        91
        92
       117
       123
       144
       157
       158
       160
       166
       171
       172
       173
       174
       176
       179
       183
       187
       191
       193
       194
       197
       207
       208
       209
       210
       215
       217
       226
       227
       232
       233
       236
       243
       269
       282
